       70        75        76        71        80 74.400000
       20        60        45        72        83 56.000000
       33        80        58        79        83 66.600000
       89        39        60        67        79 66.800000
       90        44        58        72        81 69.000000
       82        79        57        76        86 76.000000
       37        66        46        69        90 61.600000
       46        28        76        90        80 64.000000
       77        60        43        80        79 67.800000
      100        88        78        89        74 85.800000
64.400000 61.900000 59.700000 76.500000 81.500000 68.800000
