0.04352715661330464
0.5711499219614311
0.5510152700437206
0.4349183348106874
0.5655036481971432
0.778936411144494
0.9653850342847657
0.3212329719743001
0.14875984255792618
0.7334184832076945
0.3015893694560843
0.778596472495796
0.6062732756985176
0.8703907121064157
0.726552074397092
0.33992379312230137
0.1631129989837965
0.9676628599119076
0.585461667958953
0.8615281807925766
0.8007898389888695
0.9492303287750206
0.45691105334861526
0.11234397028174314
0.12211793272128402
0.5159930438804902
0.025879785403056355
0.19976268362579752
0.48253690657173065
0.7636664896336439
